%YAML:1.0
img1: !!opencv-matrix
   rows: 1
   cols: 200
   dt: f
   data: [ 1.24843942e-03, 3.62047441e-02, 8.73907562e-03,
       7.49063678e-03, 1.37328338e-02, 2.49687885e-03, 1.24843942e-03,
       2.49687885e-03, 2.49687885e-03, 6.24219701e-03, 8.73907562e-03,
       3.74531839e-03, 6.24219701e-03, 3.74531839e-03, 4.99375770e-03,
       1.24843942e-03, 6.24219701e-03, 1.37328338e-02, 3.74531839e-03,
       3.74531839e-03, 2.49687885e-03, 3.74531839e-03, 2.49687885e-03,
       1.24843942e-03, 8.73907562e-03, 3.74531839e-03, 8.73907562e-03,
       2.49687885e-03, 6.24219701e-03, 4.99375770e-03, 6.24219701e-03,
       3.49563025e-02, 3.74531839e-03, 1.37328338e-02, 3.74531839e-03,
       2.49687885e-03, 2.49687885e-03, 3.74531839e-03, 6.24219701e-03,
       3.74531839e-03, 2.49687885e-03, 3.74531839e-03, 7.49063678e-03,
       7.49063678e-03, 3.74531839e-03, 4.99375770e-03, 7.49063678e-03,
       1.12359552e-02, 3.74531839e-03, 6.24219701e-03, 3.49563025e-02,
       4.99375770e-03, 2.49687885e-03, 1.12359552e-02, 2.49687885e-03,
       3.74531839e-03, 1.24843942e-03, 2.49687885e-03, 2.49687885e-03,
       2.49687885e-03, 4.99375770e-03, 6.24219701e-03, 7.49063678e-03,
       3.74531839e-03, 1.24843942e-03, 4.99375770e-03, 3.74531839e-03,
       3.74531839e-03, 2.49687885e-03, 4.99375770e-03, 6.24219701e-03,
       3.74531839e-03, 2.49687885e-03, 1.24843942e-03, 7.49063678e-03,
       2.49687885e-03, 2.49687885e-03, 3.74531839e-03, 3.74531839e-03,
       8.73907562e-03, 3.74531839e-03, 3.74531839e-03, 2.49687885e-03,
       2.49687885e-03, 2.49687885e-03, 4.99375770e-03, 1.24843942e-03,
       2.49687885e-03, 2.49687885e-03, 1.24843942e-03, 4.99375770e-03,
       6.24219701e-03, 4.99375770e-03, 4.99375770e-03, 3.74531839e-03,
       1.24843942e-03, 4.24469411e-02, 2.12234706e-02, 2.49687885e-03,
       4.99375770e-03, 3.74531839e-03, 1.87265910e-02, 4.99375770e-03,
       6.24219701e-03, 1.24843942e-03, 4.99375770e-03, 2.49687885e-03,
       7.49063678e-03, 6.24219701e-03, 2.49687885e-03, 1.24843942e-03,
       2.49687885e-03, 1.62297133e-02, 2.49687885e-03, 4.99375770e-03,
       6.24219701e-03, 1.24843942e-03, 6.24219701e-03, 1.24843942e-03,
       2.49687885e-03, 2.49687885e-03, 6.24219701e-03, 9.98751540e-03,
       8.73907562e-03, 6.24219701e-03, 7.49063678e-03, 2.49687885e-03,
       2.49687885e-03, 1.24843942e-03, 1.24843942e-03, 3.74531839e-03,
       6.24219701e-03, 1.24843942e-03, 2.49687885e-03, 4.99375770e-03,
       4.99375770e-03, 2.49687885e-03, 2.49687885e-03, 3.74531839e-03,
       2.49687885e-03, 1.24843942e-03, 3.74531839e-03, 1.24843942e-03,
       4.99375770e-03, 1.24843942e-03, 3.74531839e-03, 6.24219701e-03,
       3.74531839e-03, 7.49063678e-03, 1.24843942e-03, 2.49687885e-03,
       2.49687885e-03, 6.24219701e-03, 2.49687885e-03, 8.73907562e-03,
       2.49687885e-03, 2.49687885e-03, 6.24219701e-03, 2.49687885e-03,
       1.24843942e-03, 2.49687885e-03, 1.24843942e-03, 3.74531839e-03,
       2.49687885e-03, 4.99375770e-03, 4.99375770e-03, 1.24843942e-03,
       2.49687885e-03, 2.49687885e-03, 1.24843942e-03, 1.24843942e-03,
       1.24843942e-03, 2.12234706e-02, 4.99375770e-03, 3.74531839e-03,
       2.49687885e-03, 6.24219701e-03, 1.24843940e-02, 1.24843942e-03,
       2.49687885e-03, 1.24843942e-03, 1.24843942e-03, 1.24843942e-03,
       2.49687885e-03, 7.49063678e-03, 1.24843942e-03, 2.49687885e-03,
       3.74531839e-03, 2.49687885e-03, 4.99375770e-03, 4.99375770e-03,
       1.24843942e-03, 1.24843942e-03, 2.49687885e-03, 1.24843942e-03,
       2.49687885e-03, 1.24843942e-03, 1.24843942e-03, 6.24219701e-03,
       1.24843942e-03 ]
